0.8134 0.7982 0.7714 0.7431 0.7096 0.6955 0.6046 0.5838 0.5381 0.4637 0.4356 0.3927 0.3658 0.3016 0.2530 0.2454 0.2235 0.2117 0.2212 0.2381 0.1905 0.1515
0.8079 0.7915 0.7642 0.7354 0.7020 0.6876 0.5994 0.5791 0.5356 0.4639 0.4352 0.3920 0.3655 0.3020 0.2558 0.2511 0.2306 0.2206 0.2281 0.2388 0.1910 0.1510
0.7937 0.7762 0.7482 0.7192 0.6861 0.6716 0.5874 0.5675 0.5257 0.4566 0.4293 0.3862 0.3607 0.3005 0.2571 0.2522 0.2311 0.2191 0.2234 0.2277 0.1821 0.1436
0.7810 0.7626 0.7336 0.7041 0.6709 0.6560 0.5771 0.5590 0.5215 0.4587 0.4323 0.3888 0.3644 0.3036 0.2589 0.2532 0.2297 0.2138 0.2126 0.2077 0.1662 0.1302
0.7632 0.7449 0.7162 0.6871 0.6550 0.6400 0.5662 0.5496 0.5161 0.4589 0.4343 0.3917 0.3688 0.3074 0.2597 0.2522 0.2253 0.2044 0.1987 0.1881 0.1527 0.1242
0.7524 0.7339 0.7051 0.6763 0.6450 0.6301 0.5596 0.5440 0.5124 0.4579 0.4343 0.3920 0.3697 0.3090 0.2616 0.2532 0.2245 0.2008 0.1920 0.1761 0.1436 0.1180
0.7125 0.6927 0.6660 0.6392 0.6107 0.5966 0.5366 0.5229 0.4976 0.4523 0.4317 0.3922 0.3732 0.3151 0.2683 0.2581 0.2249 0.1946 0.1741 0.1421 0.1215 0.1095
0.7085 0.6873 0.6600 0.6329 0.6048 0.5911 0.5308 0.5161 0.4893 0.4430 0.4237 0.3853 0.3672 0.3125 0.2658 0.2541 0.2197 0.1876 0.1649 0.1314 0.1134 0.1034
0.6999 0.6794 0.6507 0.6226 0.5943 0.5807 0.5205 0.5049 0.4770 0.4309 0.4127 0.3757 0.3589 0.3086 0.2618 0.2486 0.2134 0.1793 0.1532 0.1185 0.1052 0.1003
0.6961 0.6736 0.6425 0.6126 0.5845 0.5715 0.5108 0.4938 0.4634 0.4164 0.4001 0.3644 0.3490 0.3043 0.2555 0.2359 0.1956 0.1551 0.1213 0.0810 0.0752 0.0748
0.6931 0.6705 0.6397 0.6099 0.5822 0.5693 0.5071 0.4898 0.4574 0.4084 0.3930 0.3585 0.3430 0.3014 0.2543 0.2327 0.1914 0.1501 0.1148 0.0740 0.0697 0.0701
0.6900 0.6675 0.6369 0.6069 0.5783 0.5650 0.4985 0.4805 0.4443 0.3923 0.3784 0.3455 0.3298 0.2919 0.2444 0.2183 0.1747 0.1309 0.0934 0.0552 0.0552 0.0586
0.6894 0.6680 0.6372 0.6067 0.5775 0.5640 0.4962 0.4784 0.4414 0.3889 0.3751 0.3425 0.3264 0.2893 0.2415 0.2134 0.1686 0.1237 0.0848 0.0468 0.0486 0.0535
0.6817 0.6584 0.6289 0.5994 0.5703 0.5563 0.4818 0.4623 0.4184 0.3574 0.3440 0.3122 0.2941 0.2632 0.2239 0.1957 0.1555 0.1165 0.0807 0.0499 0.0571 0.0655
0.6794 0.6536 0.6232 0.5923 0.5603 0.5444 0.4628 0.4420 0.3925 0.3246 0.3104 0.2783 0.2582 0.2333 0.2046 0.1795 0.1474 0.1174 0.0858 0.0597 0.0674 0.0736
0.6860 0.6580 0.6248 0.5911 0.5570 0.5398 0.4560 0.4352 0.3853 0.3167 0.3022 0.2699 0.2493 0.2248 0.1984 0.1744 0.1446 0.1176 0.0874 0.0611 0.0674 0.0713
0.6891 0.6573 0.6208 0.5841 0.5484 0.5297 0.4436 0.4229 0.3721 0.3026 0.2883 0.2568 0.2360 0.2125 0.1893 0.1672 0.1410 0.1194 0.0928 0.0701 0.0771 0.0800
0.6907 0.6546 0.6159 0.5761 0.5384 0.5183 0.4317 0.4116 0.3615 0.2932 0.2793 0.2488 0.2282 0.2043 0.1832 0.1627 0.1389 0.1217 0.0979 0.0755 0.0811 0.0816
0.6932 0.6531 0.6122 0.5696 0.5307 0.5092 0.4224 0.4030 0.3542 0.2877 0.2745 0.2454 0.2255 0.2007 0.1809 0.1620 0.1393 0.1251 0.1036 0.0809 0.0852 0.0845
0.6854 0.6422 0.5995 0.5551 0.5164 0.4934 0.4085 0.3907 0.3450 0.2845 0.2742 0.2504 0.2331 0.2076 0.1871 0.1693 0.1452 0.1322 0.1152 0.0981 0.1031 0.1061
0.6784 0.6347 0.5921 0.5475 0.5094 0.4869 0.4027 0.3854 0.3412 0.2822 0.2725 0.2495 0.2328 0.2071 0.1860 0.1684 0.1440 0.1302 0.1142 0.0979 0.1014 0.1037
0.6743 0.6283 0.5827 0.5348 0.4957 0.4730 0.3900 0.3732 0.3317 0.2764 0.2681 0.2473 0.2325 0.2082 0.1875 0.1713 0.1472 0.1330 0.1185 0.1023 0.1028 0.1036
0.6640 0.6186 0.5707 0.5210 0.4818 0.4593 0.3771 0.3608 0.3216 0.2695 0.2625 0.2432 0.2301 0.2059 0.1836 0.1684 0.1443 0.1288 0.1152 0.0995 0.0972 0.0957
0.6552 0.6117 0.5616 0.5098 0.4691 0.4464 0.3644 0.3488 0.3130 0.2660 0.2599 0.2431 0.2322 0.2075 0.1813 0.1656 0.1401 0.1215 0.1068 0.0925 0.0886 0.0854
0.6424 0.5977 0.5473 0.4950 0.4542 0.4328 0.3537 0.3388 0.3057 0.2624 0.2556 0.2390 0.2290 0.2013 0.1706 0.1552 0.1285 0.1074 0.0919 0.0775 0.0731 0.0691
0.6334 0.5893 0.5393 0.4866 0.4448 0.4245 0.3479 0.3327 0.3002 0.2587 0.2514 0.2347 0.2254 0.1979 0.1653 0.1503 0.1232 0.1003 0.0837 0.0686 0.0641 0.0597
0.6233 0.5797 0.5320 0.4806 0.4386 0.4194 0.3434 0.3274 0.2943 0.2523 0.2440 0.2265 0.2172 0.1911 0.1586 0.1446 0.1181 0.0941 0.0774 0.0620 0.0559 0.0492
0.6224 0.5788 0.5309 0.4795 0.4353 0.4158 0.3400 0.3233 0.2889 0.2460 0.2366 0.2180 0.2084 0.1858 0.1553 0.1415 0.1154 0.0897 0.0725 0.0587 0.0529 0.0471
0.6129 0.5664 0.5194 0.4701 0.4253 0.4070 0.3340 0.3168 0.2805 0.2367 0.2269 0.2072 0.1969 0.1787 0.1505 0.1367 0.1116 0.0856 0.0687 0.0582 0.0537 0.0497
0.6102 0.5629 0.5147 0.4645 0.4185 0.4001 0.3264 0.3085 0.2710 0.2252 0.2150 0.1937 0.1829 0.1681 0.1427 0.1292 0.1068 0.0822 0.0661 0.0601 0.0575 0.0546
0.6057 0.5557 0.5063 0.4560 0.4104 0.3914 0.3179 0.2995 0.2612 0.2139 0.2035 0.1816 0.1705 0.1593 0.1367 0.1231 0.1030 0.0795 0.0653 0.0657 0.0667 0.0676
0.5980 0.5468 0.4982 0.4497 0.4060 0.3873 0.3139 0.2952 0.2563 0.2069 0.1961 0.1737 0.1620 0.1515 0.1312 0.1174 0.0989 0.0777 0.0660 0.0728 0.0790 0.0861
0.5942 0.5376 0.4900 0.4410 0.3994 0.3808 0.3095 0.2915 0.2541 0.2051 0.1936 0.1709 0.1587 0.1471 0.1282 0.1148 0.0984 0.0804 0.0706 0.0805 0.0895 0.0999
0.5940 0.5329 0.4860 0.4354 0.3961 0.3767 0.3057 0.2887 0.2531 0.2053 0.1928 0.1692 0.1563 0.1431 0.1252 0.1129 0.0989 0.0842 0.0762 0.0868 0.0974 0.1089
0.5982 0.5324 0.4868 0.4358 0.3982 0.3783 0.3058 0.2893 0.2537 0.2057 0.1929 0.1689 0.1553 0.1426 0.1267 0.1152 0.1036 0.0920 0.0854 0.0973 0.1081 0.1208
0.6019 0.5334 0.4883 0.4360 0.3984 0.3768 0.3011 0.2856 0.2511 0.2049 0.1921 0.1686 0.1548 0.1417 0.1261 0.1156 0.1060 0.0977 0.0931 0.1060 0.1159 0.1282
0.6060 0.5368 0.4922 0.4370 0.3983 0.3751 0.2960 0.2819 0.2491 0.2052 0.1922 0.1688 0.1547 0.1409 0.1251 0.1149 0.1067 0.1001 0.0953 0.1072 0.1162 0.1285
0.5863 0.5211 0.4812 0.4287 0.3925 0.3696 0.2887 0.2754 0.2433 0.1989 0.1856 0.1618 0.1467 0.1328 0.1190 0.1103 0.1050 0.1013 0.0973 0.1082 0.1168 0.1285
0.5758 0.5182 0.4805 0.4289 0.3939 0.3704 0.2853 0.2721 0.2400 0.1930 0.1789 0.1544 0.1382 0.1237 0.1123 0.1053 0.1027 0.1015 0.0982 0.1066 0.1135 0.1227
0.5607 0.5092 0.4741 0.4237 0.3883 0.3635 0.2769 0.2647 0.2341 0.1873 0.1717 0.1462 0.1288 0.1123 0.1035 0.0988 0.0986 0.0998 0.0971 0.1000 0.1043 0.1106
0.5621 0.5130 0.4776 0.4267 0.3887 0.3625 0.2708 0.2591 0.2293 0.1819 0.1651 0.1388 0.1205 0.1022 0.0965 0.0940 0.0960 0.0990 0.0946 0.0889 0.0897 0.0908
0.5519 0.5041 0.4695 0.4192 0.3796 0.3527 0.2605 0.2493 0.2210 0.1751 0.1577 0.1319 0.1137 0.0949 0.0913 0.0902 0.0928 0.0958 0.0906 0.0788 0.0767 0.0734
0.5617 0.5169 0.4806 0.4289 0.3855 0.3565 0.2571 0.2447 0.2138 0.1661 0.1490 0.1239 0.1061 0.0891 0.0873 0.0866 0.0882 0.0902 0.0843 0.0684 0.0641 0.0580
0.5603 0.5224 0.4859 0.4348 0.3897 0.3596 0.2547 0.2406 0.2067 0.1565 0.1405 0.1174 0.1006 0.0864 0.0868 0.0860 0.0857 0.0861 0.0795 0.0608 0.0555 0.0490
0.5609 0.5310 0.4929 0.4414 0.3949 0.3635 0.2539 0.2380 0.2019 0.1499 0.1356 0.1151 0.1003 0.0899 0.0913 0.0894 0.0867 0.0839 0.0748 0.0530 0.0470 0.0387
0.5355 0.5165 0.4810 0.4336 0.3909 0.3611 0.2543 0.2369 0.1989 0.1442 0.1317 0.1130 0.0994 0.0930 0.0951 0.0916 0.0861 0.0797 0.0680 0.0451 0.0395 0.0312
0.5195 0.5051 0.4694 0.4259 0.3852 0.3572 0.2520 0.2335 0.1930 0.1367 0.1265 0.1100 0.0977 0.0948 0.0969 0.0922 0.0847 0.0760 0.0628 0.0391 0.0335 0.0249
0.5114 0.4964 0.4584 0.4151 0.3745 0.3473 0.2463 0.2278 0.1869 0.1330 0.1249 0.1108 0.1001 0.0999 0.1008 0.0947 0.0857 0.0744 0.0598 0.0362 0.0319 0.0235
0.5057 0.4842 0.4426 0.3973 0.3552 0.3289 0.2357 0.2184 0.1794 0.1306 0.1242 0.1120 0.1027 0.1042 0.1039 0.0966 0.0863 0.0727 0.0572 0.0337 0.0311 0.0230
0.4944 0.4714 0.4288 0.3845 0.3448 0.3208 0.2374 0.2209 0.1816 0.1336 0.1268 0.1136 0.1033 0.1042 0.1012 0.0935 0.0823 0.0674 0.0526 0.0327 0.0334 0.0291
0.4927 0.4663 0.4193 0.3734 0.3346 0.3117 0.2413 0.2264 0.1878 0.1410 0.1329 0.1167 0.1043 0.1032 0.0978 0.0901 0.0793 0.0646 0.0512 0.0349 0.0382 0.0367
0.5003 0.4769 0.4243 0.3747 0.3357 0.3123 0.2527 0.2389 0.2005 0.1532 0.1428 0.1216 0.1061 0.1025 0.0942 0.0868 0.0771 0.0632 0.0506 0.0377 0.0435 0.0442
0.4817 0.4623 0.4075 0.3601 0.3247 0.3040 0.2623 0.2506 0.2155 0.1702 0.1570 0.1306 0.1122 0.1042 0.0923 0.0854 0.0771 0.0645 0.0520 0.0406 0.0465 0.0478
0.4733 0.4531 0.3965 0.3522 0.3191 0.3014 0.2762 0.2652 0.2306 0.1841 0.1687 0.1365 0.1153 0.1050 0.0915 0.0849 0.0783 0.0674 0.0554 0.0452 0.0511 0.0526
0.4628 0.4358 0.3755 0.3324 0.3001 0.2848 0.2770 0.2680 0.2366 0.1935 0.1765 0.1405 0.1176 0.1049 0.0896 0.0833 0.0780 0.0690 0.0582 0.0488 0.0537 0.0540
0.4629 0.4292 0.3647 0.3203 0.2876 0.2733 0.2738 0.2659 0.2372 0.1972 0.1793 0.1413 0.1181 0.1028 0.0861 0.0800 0.0758 0.0683 0.0591 0.0506 0.0548 0.0544
0.4463 0.4124 0.3454 0.3027 0.2742 0.2621 0.2747 0.2679 0.2417 0.2026 0.1830 0.1426 0.1182 0.1014 0.0849 0.0796 0.0765 0.0700 0.0624 0.0535 0.0568 0.0554
0.4456 0.4089 0.3377 0.2940 0.2685 0.2577 0.2783 0.2712 0.2460 0.2046 0.1830 0.1402 0.1145 0.0965 0.0812 0.0763 0.0733 0.0672 0.0605 0.0507 0.0528 0.0509
0.4441 0.4076 0.3338 0.2905 0.2686 0.2582 0.2838 0.2769 0.2532 0.2099 0.1858 0.1404 0.1132 0.0918 0.0757 0.0715 0.0687 0.0634 0.0570 0.0469 0.0476 0.0449
0.4478 0.4085 0.3326 0.2884 0.2680 0.2573 0.2836 0.2771 0.2549 0.2120 0.1874 0.1420 0.1147 0.0918 0.0754 0.0717 0.0689 0.0641 0.0563 0.0433 0.0418 0.0368
0.4465 0.4073 0.3342 0.2910 0.2706 0.2594 0.2826 0.2766 0.2562 0.2156 0.1911 0.1462 0.1195 0.0947 0.0769 0.0732 0.0698 0.0647 0.0553 0.0397 0.0362 0.0292
0.4552 0.4039 0.3346 0.2918 0.2698 0.2585 0.2770 0.2715 0.2536 0.2161 0.1923 0.1496 0.1247 0.0972 0.0777 0.0738 0.0692 0.0638 0.0534 0.0357 0.0303 0.0215
0.4730 0.4078 0.3414 0.2972 0.2719 0.2591 0.2673 0.2625 0.2459 0.2119 0.1897 0.1503 0.1271 0.0977 0.0763 0.0721 0.0666 0.0609 0.0502 0.0324 0.0268 0.0173
0.4903 0.4119 0.3456 0.2967 0.2654 0.2498 0.2473 0.2450 0.2328 0.2071 0.1861 0.1509 0.1296 0.0959 0.0714 0.0672 0.0605 0.0543 0.0443 0.0278 0.0230 0.0145
0.5124 0.4261 0.3597 0.3053 0.2693 0.2502 0.2332 0.2317 0.2215 0.1996 0.1794 0.1473 0.1277 0.0906 0.0642 0.0600 0.0525 0.0459 0.0375 0.0239 0.0206 0.0145
0.5272 0.4304 0.3628 0.3048 0.2647 0.2436 0.2215 0.2218 0.2146 0.1964 0.1760 0.1459 0.1266 0.0862 0.0588 0.0549 0.0467 0.0401 0.0329 0.0213 0.0193 0.0151
0.5463 0.4440 0.3750 0.3110 0.2630 0.2369 0.2043 0.2062 0.2010 0.1881 0.1685 0.1409 0.1227 0.0801 0.0518 0.0480 0.0393 0.0332 0.0275 0.0192 0.0192 0.0180
0.5493 0.4535 0.3840 0.3145 0.2582 0.2256 0.1847 0.1897 0.1888 0.1852 0.1667 0.1423 0.1255 0.0801 0.0498 0.0458 0.0366 0.0312 0.0265 0.0207 0.0218 0.0227
0.5410 0.4562 0.3890 0.3178 0.2567 0.2196 0.1717 0.1780 0.1780 0.1792 0.1628 0.1416 0.1262 0.0813 0.0506 0.0459 0.0358 0.0305 0.0264 0.0217 0.0233 0.0253
0.5275 0.4566 0.3914 0.3194 0.2544 0.2143 0.1641 0.1714 0.1722 0.1770 0.1614 0.1412 0.1263 0.0819 0.0510 0.0453 0.0345 0.0290 0.0261 0.0239 0.0264 0.0306
0.5145 0.4574 0.3915 0.3181 0.2510 0.2083 0.1553 0.1624 0.1624 0.1684 0.1541 0.1357 0.1220 0.0794 0.0487 0.0425 0.0311 0.0259 0.0247 0.0260 0.0294 0.0362
0.5007 0.4571 0.3891 0.3141 0.2460 0.2015 0.1459 0.1527 0.1518 0.1585 0.1456 0.1287 0.1160 0.0760 0.0462 0.0399 0.0287 0.0238 0.0236 0.0268 0.0308 0.0393
0.4931 0.4554 0.3855 0.3097 0.2420 0.1980 0.1409 0.1454 0.1420 0.1450 0.1326 0.1158 0.1039 0.0677 0.0410 0.0351 0.0246 0.0203 0.0214 0.0272 0.0320 0.0424
0.4854 0.4514 0.3799 0.3031 0.2373 0.1956 0.1406 0.1422 0.1369 0.1343 0.1220 0.1045 0.0935 0.0605 0.0372 0.0320 0.0229 0.0197 0.0220 0.0286 0.0334 0.0440
0.4687 0.4385 0.3679 0.2921 0.2287 0.1898 0.1356 0.1345 0.1276 0.1210 0.1104 0.0944 0.0855 0.0582 0.0393 0.0348 0.0275 0.0250 0.0263 0.0313 0.0352 0.0439
0.4414 0.4219 0.3588 0.2885 0.2298 0.1942 0.1366 0.1313 0.1204 0.1079 0.0989 0.0834 0.0767 0.0550 0.0411 0.0377 0.0328 0.0314 0.0322 0.0348 0.0374 0.0437
0.4058 0.3921 0.3381 0.2744 0.2234 0.1942 0.1407 0.1319 0.1192 0.1013 0.0933 0.0779 0.0733 0.0553 0.0448 0.0422 0.0390 0.0380 0.0380 0.0372 0.0378 0.0405
