0.8377 0.8199 0.7951 0.7676 0.7371 0.7249 0.6449 0.6206 0.5823 0.5220 0.5062 0.4652 0.4506 0.3869 0.3015 0.2706 0.2113 0.1523 0.1110 0.0825 0.0931 0.1141
0.8316 0.8135 0.7889 0.7615 0.7312 0.7190 0.6383 0.6139 0.5758 0.5158 0.4987 0.4576 0.4429 0.3803 0.2990 0.2700 0.2149 0.1595 0.1196 0.0917 0.1014 0.1214
0.8201 0.8019 0.7776 0.7504 0.7204 0.7084 0.6297 0.6058 0.5680 0.5080 0.4891 0.4484 0.4330 0.3751 0.3031 0.2760 0.2246 0.1709 0.1293 0.0944 0.1026 0.1190
0.8058 0.7878 0.7640 0.7373 0.7080 0.6964 0.6210 0.5979 0.5606 0.5000 0.4783 0.4377 0.4208 0.3665 0.3040 0.2802 0.2327 0.1823 0.1406 0.1024 0.1090 0.1225
0.7901 0.7730 0.7497 0.7232 0.6941 0.6825 0.6098 0.5880 0.5525 0.4920 0.4680 0.4284 0.4103 0.3577 0.3041 0.2835 0.2384 0.1906 0.1485 0.1043 0.1083 0.1167
0.7811 0.7644 0.7415 0.7151 0.6861 0.6746 0.6034 0.5820 0.5471 0.4868 0.4621 0.4234 0.4051 0.3547 0.3061 0.2868 0.2431 0.1969 0.1542 0.1076 0.1105 0.1166
0.7411 0.7297 0.7123 0.6885 0.6622 0.6516 0.5827 0.5629 0.5307 0.4715 0.4439 0.4082 0.3893 0.3430 0.3095 0.2970 0.2570 0.2139 0.1708 0.1116 0.1069 0.0999
0.7363 0.7255 0.7084 0.6845 0.6584 0.6477 0.5788 0.5589 0.5264 0.4663 0.4385 0.4030 0.3838 0.3400 0.3099 0.2980 0.2594 0.2153 0.1706 0.1066 0.0994 0.0873
0.7271 0.7169 0.7005 0.6762 0.6501 0.6395 0.5706 0.5511 0.5184 0.4580 0.4295 0.3940 0.3743 0.3307 0.3022 0.2914 0.2532 0.2083 0.1618 0.0918 0.0818 0.0636
0.7132 0.7048 0.6870 0.6605 0.6343 0.6236 0.5583 0.5400 0.5088 0.4501 0.4218 0.3869 0.3669 0.3256 0.2986 0.2892 0.2529 0.2079 0.1581 0.0825 0.0691 0.0467
0.7131 0.7041 0.6854 0.6578 0.6310 0.6201 0.5562 0.5386 0.5087 0.4524 0.4249 0.3903 0.3708 0.3270 0.2964 0.2861 0.2489 0.2042 0.1542 0.0795 0.0661 0.0454
0.7100 0.7006 0.6800 0.6510 0.6237 0.6130 0.5521 0.5357 0.5074 0.4535 0.4268 0.3927 0.3733 0.3270 0.2927 0.2814 0.2427 0.1963 0.1452 0.0700 0.0560 0.0361
0.7083 0.6986 0.6768 0.6467 0.6189 0.6082 0.5494 0.5339 0.5070 0.4555 0.4293 0.3954 0.3762 0.3267 0.2879 0.2763 0.2362 0.1902 0.1390 0.0657 0.0526 0.0358
0.6971 0.6870 0.6633 0.6326 0.6050 0.5951 0.5379 0.5232 0.4988 0.4526 0.4287 0.3963 0.3793 0.3260 0.2778 0.2640 0.2234 0.1762 0.1264 0.0580 0.0464 0.0336
0.6826 0.6717 0.6479 0.6192 0.5930 0.5847 0.5258 0.5109 0.4862 0.4418 0.4206 0.3894 0.3739 0.3180 0.2614 0.2450 0.2035 0.1544 0.1063 0.0464 0.0393 0.0310
0.6787 0.6675 0.6436 0.6145 0.5877 0.5788 0.5165 0.5013 0.4756 0.4306 0.4099 0.3786 0.3632 0.3092 0.2537 0.2372 0.1972 0.1499 0.1032 0.0485 0.0440 0.0400
0.6765 0.6613 0.6362 0.6064 0.5782 0.5687 0.5019 0.4861 0.4583 0.4122 0.3929 0.3628 0.3478 0.2959 0.2411 0.2240 0.1848 0.1412 0.0981 0.0526 0.0523 0.0560
0.6721 0.6534 0.6274 0.5975 0.5688 0.5590 0.4889 0.4729 0.4433 0.3951 0.3773 0.3493 0.3344 0.2851 0.2341 0.2176 0.1788 0.1394 0.1003 0.0624 0.0648 0.0750
0.6672 0.6461 0.6204 0.5908 0.5613 0.5504 0.4747 0.4582 0.4265 0.3767 0.3594 0.3338 0.3192 0.2748 0.2301 0.2155 0.1787 0.1442 0.1103 0.0801 0.0835 0.0982
0.6624 0.6368 0.6114 0.5820 0.5501 0.5372 0.4545 0.4374 0.4020 0.3497 0.3333 0.3112 0.2968 0.2610 0.2288 0.2180 0.1837 0.1562 0.1305 0.1052 0.1075 0.1241
0.6589 0.6325 0.6048 0.5747 0.5418 0.5281 0.4447 0.4275 0.3913 0.3388 0.3234 0.3022 0.2881 0.2563 0.2275 0.2178 0.1855 0.1586 0.1342 0.1083 0.1094 0.1230
0.6568 0.6279 0.5979 0.5669 0.5325 0.5173 0.4312 0.4136 0.3758 0.3227 0.3081 0.2886 0.2750 0.2498 0.2271 0.2196 0.1901 0.1650 0.1423 0.1151 0.1139 0.1227
0.6531 0.6239 0.5922 0.5603 0.5247 0.5078 0.4187 0.4010 0.3620 0.3087 0.2954 0.2765 0.2631 0.2430 0.2241 0.2176 0.1908 0.1663 0.1446 0.1165 0.1143 0.1193
0.6518 0.6230 0.5875 0.5531 0.5159 0.4967 0.4074 0.3900 0.3516 0.2999 0.2883 0.2710 0.2587 0.2433 0.2269 0.2207 0.1949 0.1701 0.1492 0.1207 0.1168 0.1183
0.6531 0.6220 0.5804 0.5428 0.5049 0.4845 0.3992 0.3820 0.3445 0.2935 0.2834 0.2677 0.2564 0.2458 0.2318 0.2258 0.2005 0.1759 0.1553 0.1270 0.1213 0.1203
0.6458 0.6159 0.5721 0.5337 0.4967 0.4763 0.3942 0.3773 0.3410 0.2914 0.2826 0.2681 0.2577 0.2486 0.2349 0.2289 0.2044 0.1810 0.1618 0.1359 0.1297 0.1268
0.6316 0.6060 0.5624 0.5241 0.4885 0.4681 0.3889 0.3723 0.3381 0.2909 0.2825 0.2681 0.2586 0.2489 0.2337 0.2284 0.2056 0.1837 0.1673 0.1462 0.1396 0.1353
0.6253 0.6025 0.5576 0.5182 0.4820 0.4610 0.3852 0.3690 0.3367 0.2939 0.2859 0.2701 0.2616 0.2510 0.2328 0.2267 0.2053 0.1841 0.1691 0.1519 0.1460 0.1413
0.6184 0.5997 0.5550 0.5142 0.4767 0.4561 0.3829 0.3670 0.3353 0.2940 0.2865 0.2681 0.2593 0.2492 0.2299 0.2231 0.2046 0.1828 0.1672 0.1518 0.1476 0.1419
0.6101 0.5977 0.5538 0.5123 0.4744 0.4545 0.3826 0.3667 0.3353 0.2949 0.2869 0.2658 0.2564 0.2448 0.2229 0.2148 0.1981 0.1757 0.1596 0.1486 0.1473 0.1426
0.6100 0.6036 0.5625 0.5191 0.4780 0.4576 0.3829 0.3668 0.3346 0.2957 0.2877 0.2655 0.2563 0.2474 0.2249 0.2151 0.1980 0.1735 0.1548 0.1469 0.1476 0.1453
0.6080 0.6071 0.5683 0.5226 0.4793 0.4588 0.3825 0.3666 0.3340 0.2965 0.2892 0.2668 0.2577 0.2511 0.2286 0.2169 0.1986 0.1724 0.1512 0.1445 0.1467 0.1472
0.6049 0.6016 0.5630 0.5166 0.4719 0.4527 0.3751 0.3589 0.3250 0.2875 0.2815 0.2623 0.2544 0.2533 0.2346 0.2222 0.2030 0.1763 0.1534 0.1473 0.1505 0.1534
0.6054 0.5938 0.5531 0.5048 0.4585 0.4403 0.3644 0.3487 0.3149 0.2791 0.2733 0.2559 0.2484 0.2487 0.2309 0.2182 0.1969 0.1714 0.1483 0.1441 0.1496 0.1573
0.6133 0.5921 0.5482 0.4962 0.4463 0.4282 0.3529 0.3386 0.3060 0.2731 0.2671 0.2508 0.2431 0.2415 0.2222 0.2097 0.1881 0.1648 0.1425 0.1415 0.1488 0.1608
0.6257 0.5925 0.5437 0.4886 0.4357 0.4175 0.3436 0.3303 0.2989 0.2676 0.2611 0.2448 0.2367 0.2326 0.2120 0.1999 0.1780 0.1548 0.1315 0.1276 0.1356 0.1497
0.6463 0.5967 0.5380 0.4784 0.4220 0.4035 0.3311 0.3193 0.2892 0.2603 0.2543 0.2392 0.2311 0.2255 0.2040 0.1920 0.1698 0.1455 0.1205 0.1125 0.1203 0.1340
0.6610 0.6016 0.5363 0.4699 0.4092 0.3903 0.3160 0.3055 0.2778 0.2507 0.2445 0.2305 0.2222 0.2146 0.1917 0.1804 0.1585 0.1341 0.1081 0.0989 0.1069 0.1210
0.6714 0.6043 0.5348 0.4648 0.4019 0.3826 0.3029 0.2932 0.2673 0.2424 0.2370 0.2257 0.2185 0.2082 0.1830 0.1721 0.1487 0.1246 0.0989 0.0885 0.0955 0.1095
0.6767 0.6032 0.5313 0.4589 0.3942 0.3738 0.2870 0.2782 0.2546 0.2330 0.2292 0.2212 0.2158 0.2043 0.1778 0.1674 0.1420 0.1174 0.0916 0.0774 0.0824 0.0945
0.6767 0.5953 0.5221 0.4494 0.3844 0.3639 0.2719 0.2644 0.2434 0.2245 0.2212 0.2140 0.2090 0.1910 0.1622 0.1531 0.1288 0.1072 0.0853 0.0709 0.0750 0.0855
0.6598 0.5792 0.5095 0.4409 0.3770 0.3565 0.2597 0.2527 0.2328 0.2159 0.2123 0.2052 0.2002 0.1767 0.1459 0.1383 0.1159 0.0985 0.0816 0.0681 0.0712 0.0801
0.6440 0.5710 0.5071 0.4450 0.3826 0.3608 0.2574 0.2509 0.2305 0.2159 0.2114 0.2017 0.1958 0.1642 0.1291 0.1229 0.1026 0.0889 0.0769 0.0646 0.0666 0.0737
0.6223 0.5627 0.5076 0.4540 0.3938 0.3708 0.2590 0.2524 0.2288 0.2141 0.2088 0.1968 0.1895 0.1542 0.1184 0.1138 0.0971 0.0858 0.0766 0.0632 0.0644 0.0687
0.5997 0.5533 0.5064 0.4633 0.4055 0.3824 0.2601 0.2522 0.2239 0.2095 0.2042 0.1913 0.1840 0.1485 0.1142 0.1112 0.0980 0.0883 0.0812 0.0645 0.0641 0.0649
0.5813 0.5462 0.5044 0.4675 0.4110 0.3869 0.2575 0.2488 0.2170 0.2033 0.1985 0.1854 0.1783 0.1446 0.1114 0.1089 0.0981 0.0896 0.0836 0.0665 0.0649 0.0635
0.5662 0.5421 0.5086 0.4768 0.4202 0.3956 0.2575 0.2475 0.2122 0.1966 0.1921 0.1784 0.1711 0.1401 0.1100 0.1077 0.0982 0.0897 0.0836 0.0657 0.0639 0.0620
0.5585 0.5399 0.5102 0.4832 0.4269 0.4020 0.2589 0.2478 0.2103 0.1933 0.1894 0.1762 0.1694 0.1411 0.1140 0.1106 0.1004 0.0903 0.0826 0.0609 0.0581 0.0540
0.5597 0.5467 0.5168 0.4901 0.4315 0.4059 0.2616 0.2494 0.2109 0.1918 0.1875 0.1736 0.1668 0.1400 0.1148 0.1105 0.1001 0.0892 0.0814 0.0590 0.0557 0.0509
0.5579 0.5508 0.5243 0.4979 0.4389 0.4126 0.2673 0.2545 0.2154 0.1934 0.1890 0.1742 0.1670 0.1422 0.1193 0.1136 0.1031 0.0908 0.0820 0.0592 0.0564 0.0516
0.5464 0.5429 0.5208 0.4955 0.4404 0.4150 0.2727 0.2586 0.2194 0.1932 0.1885 0.1737 0.1665 0.1455 0.1261 0.1188 0.1074 0.0924 0.0812 0.0572 0.0551 0.0506
0.5477 0.5389 0.5145 0.4846 0.4298 0.4040 0.2690 0.2552 0.2187 0.1909 0.1864 0.1720 0.1650 0.1470 0.1312 0.1230 0.1114 0.0946 0.0824 0.0573 0.0554 0.0507
0.5459 0.5285 0.5018 0.4665 0.4128 0.3887 0.2651 0.2519 0.2188 0.1886 0.1844 0.1708 0.1637 0.1491 0.1373 0.1280 0.1164 0.0983 0.0855 0.0609 0.0600 0.0544
0.5371 0.5087 0.4797 0.4409 0.3900 0.3679 0.2573 0.2456 0.2179 0.1885 0.1852 0.1728 0.1664 0.1538 0.1445 0.1340 0.1223 0.1027 0.0888 0.0637 0.0627 0.0548
0.5305 0.4895 0.4569 0.4111 0.3611 0.3406 0.2479 0.2383 0.2170 0.1877 0.1844 0.1716 0.1646 0.1517 0.1436 0.1322 0.1206 0.1008 0.0870 0.0637 0.0628 0.0535
0.5257 0.4815 0.4468 0.3969 0.3468 0.3266 0.2435 0.2356 0.2181 0.1896 0.1863 0.1729 0.1651 0.1509 0.1431 0.1314 0.1204 0.1013 0.0887 0.0675 0.0669 0.0566
0.5165 0.4761 0.4401 0.3894 0.3419 0.3229 0.2454 0.2379 0.2213 0.1922 0.1882 0.1734 0.1648 0.1487 0.1394 0.1276 0.1177 0.0995 0.0880 0.0701 0.0705 0.0597
0.4945 0.4611 0.4256 0.3773 0.3339 0.3159 0.2435 0.2361 0.2186 0.1888 0.1843 0.1681 0.1584 0.1428 0.1339 0.1232 0.1158 0.0988 0.0882 0.0722 0.0726 0.0620
0.4737 0.4458 0.4137 0.3668 0.3269 0.3098 0.2396 0.2329 0.2149 0.1850 0.1812 0.1651 0.1549 0.1401 0.1314 0.1210 0.1143 0.0981 0.0872 0.0713 0.0716 0.0608
0.4531 0.4304 0.3985 0.3548 0.3180 0.3026 0.2352 0.2283 0.2084 0.1782 0.1749 0.1593 0.1489 0.1346 0.1261 0.1167 0.1105 0.0960 0.0866 0.0717 0.0722 0.0625
0.4466 0.4271 0.3926 0.3484 0.3098 0.2948 0.2310 0.2247 0.2038 0.1746 0.1714 0.1555 0.1445 0.1295 0.1207 0.1124 0.1072 0.0949 0.0871 0.0720 0.0719 0.0619
0.4438 0.4225 0.3856 0.3426 0.3036 0.2897 0.2331 0.2277 0.2068 0.1790 0.1752 0.1582 0.1463 0.1293 0.1186 0.1109 0.1049 0.0935 0.0864 0.0719 0.0721 0.0635
0.4506 0.4259 0.3867 0.3429 0.3017 0.2863 0.2356 0.2306 0.2100 0.1834 0.1783 0.1594 0.1465 0.1266 0.1135 0.1063 0.0993 0.0884 0.0823 0.0678 0.0682 0.0625
0.4488 0.4241 0.3857 0.3453 0.3053 0.2896 0.2428 0.2370 0.2138 0.1854 0.1776 0.1548 0.1401 0.1168 0.1019 0.0967 0.0909 0.0821 0.0787 0.0662 0.0669 0.0640
0.4511 0.4277 0.3903 0.3525 0.3139 0.2969 0.2505 0.2435 0.2183 0.1879 0.1779 0.1521 0.1363 0.1110 0.0949 0.0909 0.0857 0.0770 0.0742 0.0618 0.0626 0.0613
0.4481 0.4209 0.3845 0.3485 0.3127 0.2953 0.2530 0.2453 0.2202 0.1880 0.1762 0.1485 0.1320 0.1055 0.0892 0.0868 0.0827 0.0748 0.0732 0.0617 0.0612 0.0600
0.4425 0.4133 0.3787 0.3448 0.3113 0.2924 0.2539 0.2463 0.2213 0.1890 0.1764 0.1470 0.1297 0.1016 0.0846 0.0840 0.0815 0.0752 0.0755 0.0634 0.0601 0.0571
0.4426 0.4139 0.3814 0.3462 0.3126 0.2923 0.2514 0.2446 0.2219 0.1920 0.1786 0.1493 0.1323 0.1005 0.0812 0.0823 0.0810 0.0775 0.0809 0.0721 0.0671 0.0630
0.4459 0.4123 0.3756 0.3379 0.3032 0.2816 0.2445 0.2385 0.2185 0.1914 0.1770 0.1475 0.1307 0.0960 0.0748 0.0780 0.0788 0.0788 0.0862 0.0826 0.0768 0.0726
0.4570 0.4206 0.3785 0.3364 0.2985 0.2738 0.2361 0.2318 0.2153 0.1928 0.1774 0.1486 0.1321 0.0932 0.0684 0.0732 0.0753 0.0785 0.0893 0.0913 0.0844 0.0800
0.4524 0.4204 0.3770 0.3335 0.2943 0.2673 0.2241 0.2209 0.2065 0.1903 0.1756 0.1494 0.1348 0.0939 0.0641 0.0688 0.0703 0.0749 0.0872 0.0963 0.0903 0.0875
0.4520 0.4202 0.3754 0.3277 0.2846 0.2556 0.2004 0.1977 0.1850 0.1749 0.1623 0.1408 0.1293 0.0896 0.0571 0.0615 0.0630 0.0692 0.0826 0.0984 0.0932 0.0913
0.4410 0.4083 0.3612 0.3131 0.2703 0.2412 0.1775 0.1753 0.1634 0.1581 0.1475 0.1300 0.1208 0.0838 0.0500 0.0545 0.0571 0.0649 0.0784 0.0982 0.0928 0.0899
0.4403 0.4166 0.3673 0.3124 0.2635 0.2322 0.1548 0.1541 0.1442 0.1457 0.1378 0.1248 0.1182 0.0832 0.0466 0.0501 0.0515 0.0596 0.0722 0.0957 0.0900 0.0864
0.4395 0.4155 0.3643 0.3032 0.2492 0.2169 0.1319 0.1326 0.1253 0.1336 0.1283 0.1188 0.1146 0.0822 0.0438 0.0466 0.0482 0.0570 0.0694 0.0956 0.0901 0.0865
0.4593 0.4291 0.3750 0.3072 0.2457 0.2120 0.1174 0.1195 0.1141 0.1281 0.1245 0.1164 0.1135 0.0819 0.0424 0.0446 0.0459 0.0542 0.0652 0.0900 0.0857 0.0831
0.4724 0.4410 0.3870 0.3161 0.2490 0.2143 0.1093 0.1121 0.1075 0.1259 0.1232 0.1168 0.1151 0.0848 0.0453 0.0468 0.0476 0.0545 0.0643 0.0885 0.0866 0.0858
