,accuracy,recall,precision,f1score,POD,FARatio,FAR,CSI,HSS,TSS
04202,0.9473684210526315,0.5,1.0,0.3333333333333333,0.5,0.0,0.0,0.5,0.6415094339622641,0.5
25399,0.9259259259259259,0.7142857142857143,0.7142857142857143,0.35714285714285715,0.7142857142857143,0.2857142857142857,0.0425531914893617,0.5555555555555556,0.6717325227963525,0.6717325227963526
70086,0.8571428571428571,0.6,0.75,0.3333333333333333,0.6,0.25,0.0625,0.5,0.5771812080536913,0.5375
70133,0.9210526315789473,0.6111111111111112,0.6875,0.3235294117647059,0.6111111111111112,0.3125,0.03731343283582089,0.4782608695652174,0.6027874564459931,0.5737976782752903
70200,0.9171270718232044,0.6842105263157895,0.5909090909090909,0.3170731707317073,0.6842105263157895,0.40909090909090906,0.05555555555555555,0.4642857142857143,0.5876993166287016,0.6286549707602339
70231,0.9473684210526315,0.8333333333333334,0.7142857142857143,0.3846153846153847,0.8333333333333334,0.2857142857142857,0.0392156862745098,0.625,0.7397260273972602,0.7941176470588236
70261,0.9411764705882353,0.5555555555555556,0.5555555555555556,0.2777777777777778,0.5555555555555556,0.4444444444444444,0.031496062992125984,0.38461538461538464,0.5240594925634295,0.5240594925634297
70273,0.9528985507246377,0.6956521739130435,0.7272727272727273,0.35555555555555557,0.6956521739130435,0.2727272727272727,0.023715415019762844,0.5517241379310345,0.6854838709677419,0.6719367588932806
70316,0.9155749636098981,0.5757575757575758,0.5588235294117647,0.2835820895522388,0.5757575757575758,0.4411764705882353,0.04830917874396135,0.3958333333333333,0.5204015310175489,0.5274483970136145
70361,0.9474412171507607,0.6981132075471698,0.6271186440677966,0.33035714285714285,0.6981132075471698,0.3728813559322034,0.03283582089552239,0.49333333333333335,0.6323171221327052,0.6652773866516474
70398,0.9769673704414588,0.5,0.8333333333333334,0.3125,0.5,0.16666666666666663,0.003992015968063872,0.45454545454545453,0.6138833992094862,0.49600798403193613
71051,0.9333333333333333,0.6666666666666666,1.0,0.4,0.6666666666666666,0.0,0.0,0.6666666666666666,0.7619047619047619,0.6666666666666666
71072,0.78125,0.8333333333333334,0.45454545454545453,0.2941176470588235,0.8333333333333334,0.5454545454545454,0.23076923076923078,0.4166666666666667,0.4563106796116505,0.6025641025641026
71081,0.9224137931034483,0.8,0.5333333333333333,0.32,0.8,0.4666666666666667,0.0660377358490566,0.47058823529411764,0.5984615384615385,0.7339622641509435
71082,0.76,0.7142857142857143,0.8333333333333334,0.3846153846153847,0.7142857142857143,0.16666666666666663,0.18181818181818182,0.625,0.5222929936305732,0.5324675324675325
71109,0.9832335329341317,0.6818181818181818,0.6818181818181818,0.34090909090909094,0.6818181818181818,0.31818181818181823,0.008610086100861008,0.5172413793103449,0.6732080957173208,0.6732080957173208
71203,0.9459459459459459,1.0,0.3333333333333333,0.25,1.0,0.6666666666666667,0.05555555555555555,0.3333333333333333,0.4788732394366197,0.9444444444444444
71625,1.0,1.0,1.0,0.5,1.0,0.0,,1.0,,
71714,0.9166666666666666,,0.0,,,1.0,0.08333333333333333,0.0,0.0,
71722,0.9111111111111111,0.8888888888888888,0.7272727272727273,0.4,0.8888888888888888,0.2727272727272727,0.08333333333333333,0.6666666666666666,0.7435897435897436,0.8055555555555555
71816,0.92578125,0.8076923076923077,0.6,0.34426229508196715,0.8076923076923077,0.4,0.06086956521739131,0.525,0.6474340388518411,0.7468227424749164
71823,0.9322033898305084,0.8,0.7058823529411765,0.37499999999999994,0.8,0.2941176470588235,0.04854368932038835,0.6,0.7109614206981016,0.7514563106796117
71836,0.8771929824561403,0.75,0.5454545454545454,0.31578947368421056,0.75,0.4545454545454546,0.10204081632653061,0.46153846153846156,0.5600882028665931,0.6479591836734694
71867,0.9153846153846154,0.7368421052631579,0.7,0.358974358974359,0.7368421052631579,0.30000000000000004,0.05405405405405406,0.56,0.6682134570765661,0.6827880512091038
71876,1.0,,,,,,0.0,,,
71893,1.0,,,,,,0.0,,,
71896,0.8833333333333333,0.75,0.5454545454545454,0.31578947368421056,0.75,0.4545454545454546,0.09615384615384616,0.46153846153846156,0.5643153526970954,0.6538461538461539
71906,0.9537815126050421,0.9,0.7714285714285715,0.41538461538461535,0.9,0.22857142857142854,0.038461538461538464,0.7105263157894737,0.8041884816753927,0.8615384615384616
71907,0.8780487804878049,0.8125,0.65,0.3611111111111111,0.8125,0.35,0.10606060606060606,0.5652173913043478,0.6453287197231834,0.7064393939393939
71909,0.9390243902439024,0.85,0.7083333333333334,0.38636363636363635,0.85,0.29166666666666663,0.04861111111111111,0.6296296296296297,0.7378516624040921,0.8013888888888888
71915,0.8728813559322034,0.75,0.6,0.3333333333333333,0.75,0.4,0.10204081632653061,0.5,0.5893271461716937,0.6479591836734694
71925,0.8926174496644296,0.8214285714285714,0.6764705882352942,0.3709677419354839,0.8214285714285714,0.32352941176470584,0.09090909090909091,0.5897435897435898,0.6749386419416417,0.7305194805194805
71928,1.0,,,,,,0.0,,,
71957,0.9375,0.8666666666666667,0.7222222222222222,0.393939393939394,0.8666666666666667,0.2777777777777778,0.05154639175257732,0.65,0.7515842839036755,0.8151202749140893
71964,0.96875,0.6666666666666666,0.5,0.2857142857142857,0.6666666666666666,0.5,0.021505376344086023,0.4,0.5555555555555556,0.6451612903225806
72208,0.8095238095238095,0.5,0.25,0.16666666666666666,0.5,0.75,0.15789473684210525,0.2,0.23636363636363636,0.34210526315789475
72214,0.8571428571428571,0.0,,,0.0,,0.0,0.0,0.0,0.0
72221,1.0,,,,,,0.0,,,
72235,0.9032258064516129,0.5,0.6666666666666666,0.2857142857142857,0.5,0.33333333333333337,0.037037037037037035,0.4,0.5181347150259067,0.46296296296296297
72240,0.5454545454545454,0.0,0.0,,0.0,1.0,0.4,0.0,-0.1702127659574468,-0.4
72248,0.8571428571428571,0.3333333333333333,1.0,0.25,0.3333333333333333,0.0,0.0,0.3333333333333333,0.44,0.3333333333333333
72250,1.0,,,,,,0.0,,,
72251,0.8571428571428571,,0.0,,,1.0,0.14285714285714285,0.0,0.0,
72255,1.0,1.0,1.0,0.5,1.0,0.0,0.0,1.0,1.0,1.0
72261,0.625,,0.0,,,1.0,0.375,0.0,0.0,
72265,0.8518518518518519,0.8333333333333334,0.625,0.35714285714285715,0.8333333333333334,0.375,0.14285714285714285,0.5555555555555556,0.6170212765957447,0.6904761904761905
72274,1.0,1.0,1.0,0.5,1.0,0.0,0.0,1.0,1.0,1.0
72280,1.0,,,,,,0.0,,,
72290,1.0,,,,,,0.0,,,
72304,0.8666666666666667,0.5,0.5,0.25,0.5,0.5,0.07692307692307693,0.3333333333333333,0.4230769230769231,0.4230769230769231
72327,0.9019607843137255,0.6,0.5,0.2727272727272727,0.6,0.5,0.06521739130434782,0.375,0.49101796407185627,0.5347826086956522
72349,0.8181818181818182,0.5,0.5,0.25,0.5,0.5,0.1111111111111111,0.3333333333333333,0.3888888888888889,0.3888888888888889
72353,0.8,0.8,0.5,0.3076923076923077,0.8,0.5,0.2,0.4444444444444444,0.4897959183673469,0.6000000000000001
72363,0.8611111111111112,1.0,0.4444444444444444,0.3076923076923077,1.0,0.5555555555555556,0.15625,0.4444444444444444,0.5454545454545454,0.84375
72374,1.0,,,,,,0.0,,,
72386,1.0,,,,,,0.0,,,
72387,0.9166666666666666,0.3333333333333333,1.0,0.25,0.3333333333333333,0.0,0.0,0.3333333333333333,0.4666666666666667,0.3333333333333333
72393,1.0,,,,,,0.0,,,
72394,1.0,,,,,,0.0,,,
72403,0.8041237113402062,0.5714285714285714,0.38095238095238093,0.22857142857142856,0.5714285714285714,0.6190476190476191,0.1566265060240964,0.2962962962962963,0.3434271464196651,0.414802065404475
72425,0.92,1.0,0.6363636363636364,0.38888888888888895,1.0,0.36363636363636365,0.09302325581395349,0.6363636363636364,0.7319034852546917,0.9069767441860466
72429,0.9024390243902439,1.0,0.6666666666666666,0.4,1.0,0.33333333333333337,0.12121212121212122,0.6666666666666666,0.7388535031847133,0.8787878787878788
72451,0.9259259259259259,1.0,0.5,0.3333333333333333,1.0,0.5,0.08,0.5,0.6301369863013698,0.92
72476,0.9024390243902439,0.14285714285714285,0.3333333333333333,0.1,0.14285714285714285,0.6666666666666667,0.02666666666666667,0.1111111111111111,0.15681233933161953,0.11619047619047618
72488,0.9722222222222222,1.0,0.6666666666666666,0.4,1.0,0.33333333333333337,0.029411764705882353,0.6666666666666666,0.7857142857142857,0.9705882352941176
72494,1.0,,,,,,0.0,,,
72503,1.0,,,,,,0.0,,,
72518,0.8347826086956521,0.7727272727272727,0.5483870967741935,0.32075471698113206,0.7727272727272727,0.4516129032258065,0.15053763440860216,0.4722222222222222,0.5381526104417671,0.6221896383186706
72520,0.9333333333333333,0.7647058823529411,0.7222222222222222,0.3714285714285714,0.7647058823529411,0.2777777777777778,0.0423728813559322,0.5909090909090909,0.7045951859956237,0.7223330009970089
72528,0.8652849740932642,0.6578947368421053,0.6578947368421053,0.32894736842105265,0.6578947368421053,0.3421052631578947,0.08387096774193549,0.49019607843137253,0.5740237691001698,0.5740237691001698
72532,0.9230769230769231,1.0,0.5714285714285714,0.36363636363636365,1.0,0.4285714285714286,0.08571428571428572,0.5714285714285714,0.6863270777479893,0.9142857142857143
72534,1.0,1.0,1.0,0.5,1.0,0.0,0.0,1.0,1.0,1.0
72544,0.9318181818181818,0.3333333333333333,0.5,0.2,0.3333333333333333,0.5,0.024390243902439025,0.25,0.36538461538461536,0.30894308943089427
72576,0.7368421052631579,0.6,0.5,0.2727272727272727,0.6,0.5,0.21428571428571427,0.375,0.3624161073825503,0.3857142857142857
72583,0.875,0.7272727272727273,0.6153846153846154,0.3333333333333333,0.7272727272727273,0.3846153846153846,0.09433962264150944,0.5,0.5904,0.6329331046312179
72606,0.905511811023622,0.7142857142857143,0.5555555555555556,0.3125,0.7142857142857143,0.4444444444444444,0.07079646017699115,0.45454545454545453,0.5719101123595506,0.6434892541087232
72645,0.9354838709677419,0.9230769230769231,0.7058823529411765,0.4,0.9230769230769231,0.2941176470588235,0.0625,0.6666666666666666,0.762350936967632,0.8605769230769231
72655,0.9473684210526315,1.0,0.6666666666666666,0.4,1.0,0.33333333333333337,0.058823529411764705,0.6666666666666666,0.7710843373493976,0.9411764705882353
72659,0.9166666666666666,0.5,1.0,0.3333333333333333,0.5,0.0,0.0,0.5,0.625,0.5
72662,0.9532710280373832,0.8333333333333334,0.8823529411764706,0.4285714285714286,0.8333333333333334,0.11764705882352944,0.02247191011235955,0.75,0.8292371528886052,0.8108614232209739
72672,1.0,,,,,,0.0,,,
72694,0.9898305084745763,1.0,0.625,0.3846153846153846,1.0,0.375,0.010344827586206896,0.625,0.7643142476697736,0.9896551724137931
72734,0.90625,0.8,0.8,0.4,0.8,0.19999999999999996,0.061224489795918366,0.6666666666666666,0.7387755102040816,0.7387755102040817
72764,0.9404761904761905,0.8947368421052632,0.85,0.4358974358974359,0.8947368421052632,0.15000000000000002,0.046153846153846156,0.7727272727272727,0.8330683624801272,0.8485829959514171
72775,0.9393939393939394,0.3333333333333333,0.5,0.2,0.3333333333333333,0.5,0.021505376344086023,0.25,0.36942675159235666,0.3118279569892473
72776,0.9710144927536232,0.8,0.8,0.4,0.8,0.19999999999999996,0.015625,0.6666666666666666,0.784375,0.784375
72785,0.9471830985915493,0.6666666666666666,0.8888888888888888,0.38095238095238093,0.6666666666666666,0.11111111111111116,0.012096774193548387,0.6153846153846154,0.7328818660647103,0.6545698924731183
72793,1.0,,,,,,0.0,,,
72797,0.9838709677419355,0.4444444444444444,0.8,0.2857142857142857,0.4444444444444444,0.19999999999999996,0.0027548209366391185,0.4,0.5638921453692849,0.4416896235078053
74486,0.3333333333333333,0.0,0.0,,0.0,1.0,0.5,0.0,-0.5,-0.5
74777,1.0,,,,,,0.0,,,
74788,1.0,,,,,,0.0,,,
78073,1.0,,,,,,0.0,,,
BKF,0.8666666666666667,0.0,0.0,,0.0,1.0,0.07142857142857142,0.0,-0.07142857142857142,-0.07142857142857142
BOI,0.9285714285714286,1.0,0.5,0.3333333333333333,1.0,0.5,0.07692307692307693,0.5,0.631578947368421,0.9230769230769231
BVE,1.0,,,,,,0.0,,,
COF,1.0,,,,,,0.0,,,
COS,1.0,,,,,,0.0,,,
CWEU,0.8571428571428571,0.6666666666666666,0.4,0.25,0.6666666666666666,0.6,0.12,0.3333333333333333,0.422680412371134,0.5466666666666666
CYBK,0.9047619047619048,0.6363636363636364,0.7777777777777778,0.35,0.6363636363636364,0.2222222222222222,0.038461538461538464,0.5384615384615384,0.6440677966101694,0.5979020979020979
CYLT,0.8,0.5555555555555556,1.0,0.35714285714285715,0.5555555555555556,0.0,0.0,0.5555555555555556,0.5789473684210527,0.5555555555555556
CYMO,1.0,1.0,1.0,0.5,1.0,0.0,0.0,1.0,1.0,1.0
CYPH,0.9285714285714286,0.75,0.75,0.375,0.75,0.25,0.041666666666666664,0.6,0.7083333333333334,0.7083333333333334
CYPL,0.9104477611940298,0.625,0.625,0.3125,0.625,0.375,0.05084745762711865,0.45454545454545453,0.5741525423728814,0.5741525423728814
CYQB,1.0,,,,,,0.0,,,
CYRB,1.0,1.0,1.0,0.5,1.0,0.0,0.0,1.0,1.0,1.0
CYXS,0.9565217391304348,0.75,0.75,0.375,0.75,0.25,0.023809523809523808,0.6,0.7261904761904762,0.7261904761904762
DMA,0.9047619047619048,0.0,,,0.0,,0.0,0.0,0.0,0.0
EDW,1.0,,,,,,0.0,,,
FSI,1.0,1.0,1.0,0.5,1.0,0.0,0.0,1.0,1.0,1.0
GEG,0.9629629629629629,0.0,0.0,,0.0,1.0,0.018867924528301886,0.0,-0.018867924528301886,-0.018867924528301886
GFA,0.9777777777777777,0.75,1.0,0.4285714285714286,0.75,0.0,0.0,0.75,0.845360824742268,0.75
GRF,1.0,,,,,,0.0,,,
GRK,1.0,,,,,,0.0,,,
GTF,0.9666666666666667,0.0,,,0.0,,0.0,0.0,0.0,0.0
HMN,1.0,,,,,,0.0,,,
HRT,1.0,,,,,,0.0,,,
KAFW,0.7777777777777778,1.0,0.5,0.3333333333333333,1.0,0.5,0.2857142857142857,0.5,0.5263157894736842,0.7142857142857143
KAPA,0.75,0.25,0.5,0.16666666666666666,0.25,0.5,0.08333333333333333,0.2,0.2,0.16666666666666669
KBAD,0.8333333333333334,,0.0,,,1.0,0.16666666666666666,0.0,0.0,
KBKF,0.9230769230769231,0.6666666666666666,1.0,0.4,0.6666666666666666,0.0,0.0,0.6666666666666666,0.7547169811320755,0.6666666666666666
KBOI,1.0,,,,,,0.0,,,
KCCR,1.0,,,,,,0.0,,,
KCQX,0.967741935483871,,0.0,,,1.0,0.03225806451612903,0.0,0.0,
KDEN,0.875,,0.0,,,1.0,0.125,0.0,0.0,
KDMA,1.0,,,,,,0.0,,,
KDTN,0.8333333333333334,,0.0,,,1.0,0.16666666666666666,0.0,0.0,
KDVN,0.9333333333333333,0.0,,,0.0,,0.0,0.0,0.0,0.0
KEDW,1.0,,,,,,0.0,,,
KEET,0.6,0.0,0.0,,0.0,1.0,0.25,0.0,-0.25,-0.25
KEKO,0.9,1.0,0.3333333333333333,0.25,1.0,0.6666666666666667,0.10526315789473684,0.3333333333333333,0.4594594594594595,0.8947368421052632
KFCM,0.8928571428571429,1.0,0.25,0.2,1.0,0.75,0.1111111111111111,0.25,0.36363636363636365,0.8888888888888888
KFFC,1.0,,,,,,0.0,,,
KFLG,0.9444444444444444,0.5,1.0,0.3333333333333333,0.5,0.0,0.0,0.5,0.64,0.5
KFOE,1.0,1.0,1.0,0.5,1.0,0.0,0.0,1.0,1.0,1.0
KFOK,0.9,,0.0,,,1.0,0.1,0.0,0.0,
KFSI,1.0,,,,,,0.0,,,
KFTW,0.8333333333333334,0.0,0.0,,0.0,1.0,0.09090909090909091,0.0,-0.09090909090909091,-0.09090909090909091
KGAG,1.0,,,,,,0.0,,,
KGFA,0.9285714285714286,0.0,,,0.0,,0.0,0.0,0.0,0.0
KGKY,0.7777777777777778,1.0,0.3333333333333333,0.25,1.0,0.6666666666666667,0.25,0.3333333333333333,0.4,0.75
KGLR,0.8461538461538461,0.0,0.0,,0.0,1.0,0.12,0.0,-0.061224489795918366,-0.12
KHKS,0.8333333333333334,,0.0,,,1.0,0.16666666666666666,0.0,0.0,
KHWD,1.0,,,,,,0.0,,,
KHWO,1.0,,,,,,0.0,,,
KIAG,0.8888888888888888,0.75,0.5,0.30000000000000004,0.75,0.5,0.09375,0.42857142857142855,0.5384615384615384,0.65625
KISP,0.896551724137931,1.0,0.25,0.2,1.0,0.75,0.10714285714285714,0.25,0.36496350364963503,0.8928571428571429
KLAW,1.0,,,,,,0.0,,,
KLIT,1.0,,,,,,0.0,,,
KLRF,0.75,0.0,0.0,,0.0,1.0,0.1,0.0,-0.125,-0.1
KMIC,0.84,0.6666666666666666,0.4,0.25,0.6666666666666666,0.6,0.13636363636363635,0.3333333333333333,0.4117647058823529,0.5303030303030303
KMRH,1.0,,,,,,0.0,,,
KMYF,1.0,,,,,,0.0,,,
KNFW,0.75,,0.0,,,1.0,0.25,0.0,0.0,
KNGP,1.0,,,,,,0.0,,,
KNJM,1.0,,,,,,0.0,,,
KNYL,1.0,,,,,,0.0,,,
KNZY,1.0,,,,,,0.0,,,
KODO,1.0,,,,,,0.0,,,
KOPF,1.0,,,,,,0.0,,,
KPTK,0.9428571428571428,1.0,0.3333333333333333,0.25,1.0,0.6666666666666667,0.058823529411764705,0.3333333333333333,0.47761194029850745,0.9411764705882353
KRCA,0.9285714285714286,0.5,1.0,0.3333333333333333,0.5,0.0,0.0,0.5,0.631578947368421,0.5
KRIW,0.9285714285714286,0.5,1.0,0.3333333333333333,0.5,0.0,0.0,0.5,0.631578947368421,0.5
KRNM,1.0,,,,,,0.0,,,
KSDL,1.0,,,,,,0.0,,,
KSKA,0.975609756097561,0.5,1.0,0.3333333333333333,0.5,0.0,0.0,0.5,0.6554621848739496,0.5
KSPG,1.0,,,,,,0.0,,,
KTMB,1.0,,,,,,0.0,,,
KTTS,1.0,,,,,,0.0,,,
KVBG,1.0,,,,,,0.0,,,
KVGT,1.0,,,,,,0.0,,,
KWAL,0.9230769230769231,,0.0,,,1.0,0.07692307692307693,0.0,0.0,
KYUM,1.0,,,,,,0.0,,,
LGB,1.0,,,,,,0.0,,,
LHW,1.0,,,,,,0.0,,,
LRF,0.8695652173913043,1.0,0.25,0.2,1.0,0.75,0.13636363636363635,0.25,0.35514018691588783,0.8636363636363636
LSF,1.0,,,,,,0.0,,,
MCF,1.0,,,,,,0.0,,,
MMML,1.0,,,,,,0.0,,,
OAK,1.0,,,,,,0.0,,,
ORD,1.0,1.0,1.0,0.5,1.0,0.0,,1.0,,
PAH,0.8571428571428571,0.0,,,0.0,,0.0,0.0,0.0,0.0
PALH,0.9767441860465116,0.5,0.5,0.25,0.5,0.5,0.011904761904761904,0.3333333333333333,0.4880952380952381,0.4880952380952381
PAMR,0.957983193277311,0.4,0.5,0.2222222222222222,0.4,0.5,0.017543859649122806,0.2857142857142857,0.42289039767216297,0.3824561403508772
PANC,0.9694656488549618,0.5,1.0,0.3333333333333333,0.5,0.0,0.0,0.5,0.6525198938992043,0.5
PANT,0.9852941176470589,0.8333333333333334,0.625,0.35714285714285715,0.8333333333333334,0.375,0.011278195488721804,0.5555555555555556,0.7068965517241379,0.8220551378446116
RCA,1.0,1.0,1.0,0.5,1.0,0.0,0.0,1.0,1.0,1.0
SAN,1.0,,,,,,0.0,,,
SEP,0.0,,0.0,,,1.0,1.0,0.0,0.0,
SKA,0.9156626506024096,0.8333333333333334,0.45454545454545453,0.2941176470588235,0.8333333333333334,0.5454545454545454,0.07792207792207792,0.4166666666666667,0.54573885848319,0.7554112554112554
SLE,0.9666666666666667,,0.0,,,1.0,0.03333333333333333,0.0,0.0,
TCM,1.0,,,,,,0.0,,,
TIK,0.7692307692307693,0.5,0.3333333333333333,0.2,0.5,0.6666666666666667,0.18181818181818182,0.25,0.2641509433962264,0.3181818181818182
UCC,1.0,,,,,,0.0,,,
VBG,1.0,,,,,,0.0,,,
VPS,1.0,,,,,,0.0,,,
