ID,t,tw,probsnow_t,probsnow_tw
04202,0.05027932960893855,0.027932960893854747,-0.055865921787709494,-0.04469273743016759
25399,0.2006802721088435,0.09183673469387754,0.12585034013605442,0.013605442176870736
70086,0.32352941176470584,0.10294117647058823,0.11029411764705879,0.01470588235294118
70133,0.07142857142857142,0.050724637681159424,0.025879917184265022,-0.0020703933747412
70200,0.05239385727190604,0.027100271002710036,0.0036133694670280048,-0.005420054200542007
70231,0.03856749311294765,0.030991735537190084,0.011707988980716254,0.0006887052341597796
70261,0.018375241779497096,0.014506769825918763,0.0029013539651837512,-0.0019342359767891698
70273,0.03733486502010339,0.03159103963239517,0.010338885697874785,0.0005743825387708248
70316,0.051490514905149054,0.02059620596205962,-0.006233062330623304,-0.004878048780487795
70361,0.08362282878411911,0.04168734491315136,0.02754342431761786,-0.001985111662531014
70398,0.005972130059721303,-0.005308560053085602,-0.01161247511612475,-0.012607830126078301
71051,0.14473684210526316,0.07894736842105263,0.07894736842105263,0.013157894736842118
71072,0.2734375,0.171875,0.1484375,0.0546875
71081,0.2674199623352166,0.11487758945386065,0.11864406779661016,-0.007532956685499054
71082,0.20731707317073172,0.0853658536585366,0.12195121951219517,-0.02439024390243899
71109,0.024747574737675707,0.012670758265689962,0.007325282122352011,0.0021777865769154626
71124,0.2,0.0,0.0,0.0
71203,0.07894736842105263,0.045112781954887216,0.02631578947368421,0.022556390977443608
71625,0.15384615384615385,0.07692307692307693,0.07692307692307693,0.0
71714,0.1590909090909091,0.11363636363636365,0.13636363636363635,0.04545454545454544
71722,0.11979166666666666,0.08333333333333334,0.09375,0.04947916666666666
71816,0.0659679408138101,0.046239210850801474,0.02712700369913687,0.021578298397040688
71823,0.08060747663551401,0.03154205607476636,0.03621495327102804,0.012850467289719628
71836,0.09210526315789473,0.061403508771929835,0.05263157894736843,0.01973684210526315
71867,0.045766590389016024,0.03203661327231122,0.019450800915331815,0.0022883295194508074
71876,0.0196078431372549,0.0,0.0,0.0
71893,0.05555555555555555,0.05555555555555555,0.0,0.0
71896,0.06442577030812326,0.030812324929971976,0.030812324929971976,0.008403361344537813
71906,0.06608569353667391,0.05156136528685547,0.02178649237472767,0.010893246187363828
71907,0.11699779249448122,0.05739514348785871,0.06843267108167769,0.017660044150110354
71909,0.13175675675675674,0.07432432432432433,0.03603603603603604,0.007882882882882886
71915,0.09244992295839755,0.04930662557781201,0.04314329738058553,0.006163328197226509
71925,0.11194029850746269,0.07014925373134327,0.05671641791044775,0.03134328358208956
71928,0.0,0.0,0.0,0.0
71957,0.07044410413476263,0.06431852986217457,0.033690658499234305,0.01990811638591118
71964,0.023178807947019868,0.024282560706401758,-0.0022075055187638012,0.008830022075055184
72202,0.0,0.0,0.0,0.0
72203,-0.022988505747126436,-0.022988505747126436,-0.022988505747126436,-0.022988505747126436
72208,0.015384615384615385,0.0057692307692307696,0.007692307692307693,0.0057692307692307696
72214,-0.0033003300330033004,-0.006600660066006601,-0.006600660066006601,-0.009900990099009901
72221,0.0,0.0,0.0,0.0
72228,0.0,0.0,0.0,0.0
72235,0.013432835820895519,0.008955223880597014,0.008955223880597014,0.008955223880597014
72240,0.002325581395348837,0.004651162790697674,0.002325581395348837,0.004651162790697674
72243,0.3333333333333333,0.3333333333333333,0.3333333333333333,0.0
72248,0.005181347150259065,0.005181347150259065,0.005181347150259065,0.0025906735751295325
72250,0.0,0.0,0.0,0.0
72251,-0.005263157894736842,-0.005263157894736842,-0.005263157894736842,-0.005263157894736842
72255,0.037037037037037035,0.037037037037037035,0.037037037037037035,0.027777777777777776
72261,0.008333333333333333,0.008333333333333333,0.008333333333333333,0.008333333333333333
72265,0.047826086956521734,0.026086956521739126,0.026086956521739126,0.0217391304347826
72274,-0.008264462809917356,-0.008264462809917356,-0.011019283746556474,-0.011019283746556474
72278,0.0,0.0,0.0,0.0
72280,0.0,0.0,0.0,0.0
72290,-0.007782101167315175,-0.007782101167315175,-0.007782101167315175,-0.007782101167315175
72295,0.0,0.0,0.0,0.0
72304,0.0034722222222222238,-0.003472222222222222,-0.003472222222222222,-0.003472222222222222
72323,0.0,0.0,0.0,0.0
72327,0.010477299185098952,0.008149010477299184,-0.0058207217694994165,0.001164144353899884
72349,0.10052910052910052,0.07407407407407407,0.06878306878306878,0.042328042328042326
72353,0.03314917127071824,0.019337016574585635,0.013812154696132596,0.008287292817679558
72363,0.058620689655172406,0.02758620689655171,0.024137931034482765,0.01034482758620689
72374,0.0,0.0,0.0,0.0
72386,0.0,0.0,0.0,0.0
72387,-0.07216494845360824,-0.07216494845360824,-0.08247422680412371,-0.07216494845360824
72393,0.0,0.0,0.0,0.0
72394,-0.003787878787878788,-0.003787878787878788,-0.003787878787878788,-0.003787878787878788
72403,0.056625141562853906,0.0464326160815402,0.03397508493771234,0.013590033975084945
72414,0.3333333333333333,0.3333333333333333,0.3333333333333333,0.3333333333333333
72425,0.018518518518518517,0.018518518518518517,-0.012345679012345678,-0.004115226337448555
72429,0.03554502369668246,0.02369668246445497,0.007109004739336497,0.011848341232227486
72451,0.07911392405063293,0.06329113924050635,0.060126582278481014,0.03797468354430379
72476,0.021479713603818618,0.002386634844868743,-0.033412887828162284,-0.031026252983293548
72488,-0.01260504201680672,-0.008403361344537813,-0.037815126050420166,-0.029411764705882346
72494,-0.0014184397163120568,-0.0014184397163120568,-0.0014184397163120568,-0.0014184397163120568
72503,0.02702702702702703,0.02702702702702703,0.0,0.013513513513513514
72518,0.05005107252298263,0.0316649642492339,0.009193054136874351,0.009193054136874351
72520,0.006932409012131727,0.012131715771230511,-0.02079722703639514,-0.014731369150779897
72528,0.021843003412969297,0.015017064846416378,-0.02798634812286689,-0.013651877133105797
72532,0.061046511627906974,0.0377906976744186,0.03197674418604651,0.026162790697674423
72534,0.25,0.25,0.25,-0.25
72544,0.01552106430155211,0.002217294900221732,0.002217294900221732,-0.006651884700665189
72576,0.028571428571428553,0.01428571428571429,-0.02857142857142858,-0.01428571428571429
72583,0.04870129870129872,0.051948051948051965,-0.00974025974025973,0.0
72606,0.05268595041322314,0.040289256198347105,0.03202479338842975,0.006198347107438017
72645,0.04037685060565277,0.020188425302826385,0.008075370121130548,-0.002691790040376854
72655,0.10362694300518135,0.06735751295336787,0.06735751295336787,0.046632124352331605
72659,0.02197802197802197,0.014652014652014642,-0.007326007326007328,0.0
72662,0.014450867052023114,0.017341040462427737,-0.010115606936416194,-0.007225433526011571
72672,0.0,0.0,0.0,0.0
72694,0.011927480916030533,0.00715648854961832,0.006202290076335878,0.0014312977099236648
72734,0.04535147392290248,0.013605442176870736,0.0,-0.011337868480725627
72764,0.032478632478632474,0.022222222222222227,0.008547008547008544,0.0034188034188034205
72775,0.01592920353982301,0.0035398230088495575,-0.02831858407079646,-0.017699115044247787
72776,0.032786885245901634,-0.002732240437158473,-0.01912568306010929,0.0
72785,0.05185185185185186,0.022222222222222213,0.012345679012345678,-0.015432098765432112
72793,0.023809523809523808,0.0,0.0,0.0
72797,0.020641194554238036,0.005270092226613968,0.006148440931049628,-0.003952569169960474
74003,0.5,0.5,0.5,0.0
74486,0.03508771929824561,0.017543859649122806,0.017543859649122806,0.017543859649122806
74777,0.0,0.0,0.0,0.0
74788,0.0,0.0,0.0,0.0
76225,0.0,0.0,0.0,0.0
76256,0.0,0.0,0.0,0.0
76382,0.0,0.0,0.0,0.0
76393,-0.06666666666666667,-0.06666666666666667,-0.06666666666666667,-0.06666666666666667
76394,0.0,0.0,0.0,0.0
78073,0.0,0.0,0.0,0.0
BKF,0.014492753623188415,0.014492753623188415,-0.10144927536231883,-0.043478260869565216
BOI,0.043795620437956206,0.0510948905109489,-0.007299270072992692,-0.014598540145985398
BVE,0.0,0.0,0.0,0.0
COF,0.0,0.0,0.0,0.0
COS,-0.06666666666666665,0.0,-0.06666666666666665,-0.06666666666666665
CSG,0.0,0.0,0.0,0.0
CWEU,0.1336206896551724,0.125,-0.017241379310344834,0.0
CYBK,0.12626262626262627,0.09090909090909091,0.040404040404040414,0.010101010101010097
CYLT,0.30769230769230765,0.1076923076923077,0.046153846153846156,-0.2
CYMO,0.11214953271028036,0.04672897196261682,0.037383177570093455,0.009345794392523364
CYPH,0.1702127659574468,0.07446808510638298,0.03723404255319149,-0.010638297872340427
CYPL,0.0631578947368421,0.025263157894736835,0.00421052631578947,-0.0168421052631579
CYQB,0.22222222222222224,0.05555555555555555,0.05555555555555555,-0.05555555555555555
CYRB,0.2,0.10499999999999998,0.024999999999999994,0.010000000000000009
CYXS,0.06020942408376964,0.03403141361256545,0.007853403141361265,0.0
DMA,-0.018181818181818184,-0.018181818181818184,-0.024242424242424246,-0.018181818181818184
EDW,0.0,0.0,0.0,0.0
FSI,0.0,-0.017543859649122806,-0.017543859649122806,-0.017543859649122806
FTK,0.0,0.0,-0.2,0.0
GEG,0.0792079207920792,0.039603960396039604,0.04455445544554456,0.024752475247524754
GFA,-0.020161290322580655,-0.008064516129032265,-0.048387096774193554,-0.02419354838709678
GRF,0.03773584905660377,0.03773584905660377,0.018867924528301886,0.0
GRK,0.0,0.0,0.0,0.0
GTF,0.05405405405405406,-0.018018018018018014,-0.009009009009009,-0.04504504504504504
HMN,0.0,0.0,0.0,0.0
HRT,0.0,0.0,0.0,0.0
HSV,0.0,0.0,0.0,0.0
K9L2,0.0,0.0,0.0,0.0
KAFW,0.019108280254777073,0.019108280254777073,0.012738853503184712,0.012738853503184712
KAPA,-0.06779661016949151,-0.016949152542372864,-0.0847457627118644,-0.050847457627118633
KBAD,0.0,0.0,0.0,-0.01136363636363636
KBKF,0.05172413793103448,-0.017241379310344827,-0.017241379310344827,-0.017241379310344827
KBOI,-0.007025761124121777,-0.0023419203747072556,-0.021077283372365335,-0.007025761124121777
KCCR,-0.005813953488372093,-0.005813953488372093,-0.005813953488372093,-0.005813953488372093
KCMA,0.0,0.0,0.0,0.0
KCOF,0.0,0.0,0.0,0.0
KCQX,0.022140221402214024,0.003690036900369004,-0.007380073800738006,-0.003690036900369003
KCRG,0.0,0.0,0.0,0.0
KDEN,0.05,0.024999999999999994,0.0,0.024999999999999994
KDMA,0.0,0.0,0.0,0.0
KDTN,0.005405405405405406,0.010810810810810811,0.005405405405405406,0.005405405405405406
KDTS,0.0,0.0,0.0,0.0
KDVN,0.01092896174863388,0.005464480874316941,0.005464480874316941,-0.01092896174863388
KDVT,0.0,0.0,0.0,0.0
KEDW,0.0,0.0,0.0,0.0
KEET,0.005714285714285714,0.005714285714285714,0.005714285714285714,0.0
KEKO,0.09848484848484848,0.09090909090909091,0.007575757575757569,0.06818181818181818
KF54,0.0,0.0,0.0,0.0
KFCM,-0.011952191235059764,-0.00796812749003984,-0.027888446215139445,-0.011952191235059764
KFFC,0.007042253521126761,0.014084507042253521,0.007042253521126761,0.014084507042253521
KFLG,-0.038961038961038974,-0.012987012987012991,-0.07792207792207792,-0.012987012987012991
KFOE,0.005586592178770951,0.011173184357541902,0.0,0.005586592178770951
KFOK,0.013953488372093023,0.013953488372093023,0.004651162790697674,0.013953488372093023
KFSI,-0.2,-0.2,-0.2,-0.2
KFTW,0.005747126436781609,0.0,0.0,0.0
KGAG,0.0,0.0,0.0,0.0
KGFA,-0.039473684210526314,-0.02631578947368421,-0.06578947368421052,-0.039473684210526314
KGKY,0.022727272727272728,0.015151515151515152,0.015151515151515152,0.015151515151515152
KGLR,0.07258064516129033,0.05645161290322581,0.040322580645161296,0.024193548387096777
KHKS,0.0,0.009174311926605505,0.0,0.009174311926605505
KHWD,0.0,0.0,0.0,0.0
KHWO,0.0,0.0,0.0,0.0
KIAG,0.03184713375796178,0.03503184713375796,0.0031847133757961776,0.006369426751592355
KISP,0.02027027027027027,0.016891891891891893,0.006756756756756757,0.010135135135135136
KL39,0.0,0.0,0.0,0.0
KLAW,-0.07142857142857142,-0.07142857142857142,-0.07142857142857142,-0.07142857142857142
KLIT,0.04245283018867925,0.02830188679245283,0.03773584905660378,0.009433962264150943
KLRF,0.0693069306930693,0.0594059405940594,0.0594059405940594,0.0099009900990099
KLSV,0.0,0.0,0.0,0.0
KMIC,0.011278195488721804,0.015037593984962405,-0.011278195488721804,0.007518796992481203
KMQY,0.0,0.0,0.0,0.0
KMRH,-0.006666666666666667,0.0,-0.006666666666666667,-0.006666666666666667
KMYF,0.0,0.0,0.0,0.0
KNFW,0.0196078431372549,0.0196078431372549,0.0196078431372549,0.014705882352941176
KNGP,0.0,0.0,0.0,0.0
KNJM,0.0,0.0,0.0,0.0
KNTD,0.0,0.0,0.0,0.0
KNYL,0.0,0.0,0.0,0.0
KNZY,0.0,0.0,0.0,0.0
KODO,0.030303030303030304,-0.015151515151515152,-0.015151515151515152,-0.015151515151515152
KOPF,0.0,0.0,0.0,0.0
KOXR,0.0,0.0,0.0,0.0
KPTK,0.01652892561983471,0.024793388429752067,0.004132231404958678,0.004132231404958678
KQBL,0.0,0.0,0.0,0.0
KRCA,0.061946902654867256,0.017699115044247787,-0.008849557522123894,0.0
KRIW,0.019417475728155345,0.0,-0.009708737864077666,-0.009708737864077666
KRNM,0.0,0.0,0.0,0.0
KSDL,0.0,0.0,0.0,0.0
KSKA,0.06451612903225806,0.01433691756272401,0.007168458781362005,-0.028673835125448036
KSPG,0.0,0.0,0.0,0.0
KTMB,0.0,0.0,0.0,0.0
KTTS,0.0,0.0,0.0,0.0
KVBG,0.0,0.0,0.0,0.0
KVGT,0.0,0.0,0.0,0.0
KWAL,0.013333333333333332,0.013333333333333332,-0.004444444444444445,0.0
KYUM,0.0,0.0,0.0,0.0
LGB,0.0,0.0,0.0,0.0
LHW,0.0,0.0,0.0,0.0
LRF,0.064,0.060000000000000005,0.056,0.04
LSF,0.125,0.125,0.125,0.125
MCF,0.0,0.0,0.0,0.0
MMMA,0.0,0.0,0.0,0.0
MMML,0.0,0.0,0.0,0.0
MMMY,0.0,0.0,0.0,0.0
OAK,0.0,0.0,0.0,0.0
ORD,0.0,0.0,0.0,-0.25
PAH,-0.016949152542372878,0.0,-0.016949152542372878,0.0
PALH,0.028619528619528618,0.02356902356902357,0.008417508417508417,0.0016835016835016828
PAMR,0.039334341906202726,0.03328290468986384,0.013615733736762482,0.001512859304084721
PANC,0.027272727272727275,0.03506493506493506,0.012987012987012991,0.009090909090909094
PANT,0.0027247956403269775,0.001362397820163487,-0.007493188010899182,-0.002724795640326974
PBI,0.0,0.0,0.0,0.0
RCA,0.041237113402061876,0.041237113402061876,-0.02577319587628865,0.02577319587628868
SAN,0.0,0.0,0.0,0.0
SEP,0.13793103448275862,0.13793103448275862,0.13793103448275862,0.13793103448275862
SKA,0.07780320366132723,0.06636155606407323,0.02974828375286042,0.016018306636155603
SLE,0.036290322580645164,0.024193548387096774,0.016129032258064516,0.008064516129032258
TCM,0.020833333333333332,0.020833333333333332,0.0,0.0
TIK,0.05797101449275362,0.0434782608695652,0.0144927536231884,0.028985507246376815
UCC,0.0,0.0,0.0,0.0
UIL,0.0,0.0,0.0,0.0
VBG,0.0,0.0,0.0,0.0
VPS,0.0,0.0,0.0,0.0
YUM,0.0,0.0,0.0,0.0
